image: classroom_textured_20231206.pgm
resolution: 0.050000
origin: [-10.294325, -10.069234, 0.000000]
negate: 0
occupied_thresh: 0.65
free_thresh: 0.196

