image: fourth_floor_gazebo.pgm
resolution: 0.100000
origin: [-80.830000, -28.350000, 0.000000]
negate: 0
occupied_thresh: 0.65
free_thresh: 0.196

