image: tsrb.pgm
resolution: 0.050000
origin: [-20.921175, -6.449699, 0.000000]
negate: 0
occupied_thresh: 0.65
free_thresh: 0.196

