image: aws_hospital.pgm
resolution: 0.100000
origin: [-12.572123, -35.071484, 0.000000]
negate: 0
occupied_thresh: 0.65
free_thresh: 0.196

